Point(x=0.609501660118675, y=-0.7160124833156033, z=0.1990290350128524)
Point(x=0.6862176747936293, y=-0.3896140550273823, z=0.15488784679815754)
